1.172191085815429688e+02 2.234076690673828125e+02
1.428490447998046875e+02 2.251237640380859375e+02
1.661636047363281250e+02 2.287398834228515625e+02
1.901443481445312500e+02 2.313428497314453125e+02
2.134114074707031250e+02 2.333403472900390625e+02
2.351219940185546875e+02 2.357534942626953125e+02
2.555000000000000000e+02 2.390000000000000000e+02
2.768600769042968750e+02 2.391471710205078125e+02
2.987370605468750000e+02 2.425068359375000000e+02
1.095379333496093750e+02 2.367673339843750000e+02
1.334879150390625000e+02 2.382972259521484375e+02
1.618735351562500000e+02 2.417550659179687500e+02
1.854873962402343750e+02 2.436348571777343750e+02
2.099443511962890625e+02 2.464736022949218750e+02
2.335097656250000000e+02 2.465915679931640625e+02
2.556713562011718750e+02 2.515827789306640625e+02
2.784014892578125000e+02 2.524597015380859375e+02
2.996320190429687500e+02 2.538722686767578125e+02
1.043132781982421875e+02 2.493042755126953125e+02
1.320000000000000000e+02 2.540000000000000000e+02
1.585885925292968750e+02 2.549230194091796875e+02
1.836618652343750000e+02 2.569382324218750000e+02
2.085032348632812500e+02 2.596220703125000000e+02
2.314752044677734375e+02 2.616025085449218750e+02
2.555378265380859375e+02 2.634331359863281250e+02
2.786267395019531250e+02 2.654315795898437500e+02
3.006565551757812500e+02 2.674184570312500000e+02
9.650000000000000000e+01 2.665000000000000000e+02
1.259604339599609375e+02 2.684739990234375000e+02
1.534778594970703125e+02 2.696401062011718750e+02
1.809354095458984375e+02 2.733208312988281250e+02
2.045500030517578125e+02 2.745893859863281250e+02
2.314431610107421875e+02 2.766477355957031250e+02
2.555115051269531250e+02 2.779595947265625000e+02
2.793323364257812500e+02 2.804490051269531250e+02
3.037193603515625000e+02 2.814750366210937500e+02
8.843719482421875000e+01 2.832947998046875000e+02
1.193709335327148438e+02 2.851308898925781250e+02
1.480733947753906250e+02 2.874716491699218750e+02
1.766183013916015625e+02 2.886766357421875000e+02
2.046406097412109375e+02 2.911552734375000000e+02
2.294350585937500000e+02 2.924343261718750000e+02
2.553582305908203125e+02 2.941365966796875000e+02
2.801939392089843750e+02 2.960683898925781250e+02
3.032720642089843750e+02 2.970937500000000000e+02
7.950000000000000000e+01 3.015000000000000000e+02
1.115273284912109375e+02 3.039393310546875000e+02
1.449611968994140625e+02 3.055317382812500000e+02
1.728806762695312500e+02 3.065462951660156250e+02
1.997711944580078125e+02 3.086768188476562500e+02
2.285338287353515625e+02 3.094226074218750000e+02
2.547295989990234375e+02 3.113405761718750000e+02
2.806893005371093750e+02 3.127457275390625000e+02
3.055377807617187500e+02 3.140753479003906250e+02
