3.000000000000000000e+02 8.000000000000000000e+02
3.100000000000000000e+02 8.000000000000000000e+02
3.200000000000000000e+02 8.000000000000000000e+02
3.300000000000000000e+02 8.000000000000000000e+02
3.400000000000000000e+02 8.000000000000000000e+02
3.500000000000000000e+02 8.000000000000000000e+02
3.600000000000000000e+02 8.000000000000000000e+02
3.700000000000000000e+02 8.000000000000000000e+02
3.800000000000000000e+02 8.000000000000000000e+02
3.000000000000000000e+02 8.100000000000000000e+02
3.100000000000000000e+02 8.100000000000000000e+02
3.200000000000000000e+02 8.100000000000000000e+02
3.300000000000000000e+02 8.100000000000000000e+02
3.400000000000000000e+02 8.100000000000000000e+02
3.500000000000000000e+02 8.100000000000000000e+02
3.600000000000000000e+02 8.100000000000000000e+02
3.700000000000000000e+02 8.100000000000000000e+02
3.800000000000000000e+02 8.100000000000000000e+02
3.000000000000000000e+02 8.200000000000000000e+02
3.100000000000000000e+02 8.200000000000000000e+02
3.200000000000000000e+02 8.200000000000000000e+02
3.300000000000000000e+02 8.200000000000000000e+02
3.400000000000000000e+02 8.200000000000000000e+02
3.500000000000000000e+02 8.200000000000000000e+02
3.600000000000000000e+02 8.200000000000000000e+02
3.700000000000000000e+02 8.200000000000000000e+02
3.800000000000000000e+02 8.200000000000000000e+02
3.000000000000000000e+02 8.300000000000000000e+02
3.100000000000000000e+02 8.300000000000000000e+02
3.200000000000000000e+02 8.300000000000000000e+02
3.300000000000000000e+02 8.300000000000000000e+02
3.400000000000000000e+02 8.300000000000000000e+02
3.500000000000000000e+02 8.300000000000000000e+02
3.600000000000000000e+02 8.300000000000000000e+02
3.700000000000000000e+02 8.300000000000000000e+02
3.800000000000000000e+02 8.300000000000000000e+02
3.000000000000000000e+02 8.400000000000000000e+02
3.100000000000000000e+02 8.400000000000000000e+02
3.200000000000000000e+02 8.400000000000000000e+02
3.300000000000000000e+02 8.400000000000000000e+02
3.400000000000000000e+02 8.400000000000000000e+02
3.500000000000000000e+02 8.400000000000000000e+02
3.600000000000000000e+02 8.400000000000000000e+02
3.700000000000000000e+02 8.400000000000000000e+02
3.800000000000000000e+02 8.400000000000000000e+02
3.000000000000000000e+02 8.500000000000000000e+02
3.100000000000000000e+02 8.500000000000000000e+02
3.200000000000000000e+02 8.500000000000000000e+02
3.300000000000000000e+02 8.500000000000000000e+02
3.400000000000000000e+02 8.500000000000000000e+02
3.500000000000000000e+02 8.500000000000000000e+02
3.600000000000000000e+02 8.500000000000000000e+02
3.700000000000000000e+02 8.500000000000000000e+02
3.800000000000000000e+02 8.500000000000000000e+02
